6658021459
6663025890
3730004236
4501022210
7728065856
7714042070
7701031585
7734087696
7713059497
7704115177
7709024283
7713003222
7734012806
7731243467
7705034322
7728094832
7728016351
7704047505
7707082145
7733108569
7733574898
5408106348
5406011563
5401109396
6167034142
6163032850
7815022288
7802030429
7813045441
7820009821
7821007633
7821006887
7809016254
7802010020
7813047463
7842461679
5902293788 
6317002858
6452006471
2628055277
5835075661
3015081689
2130037189
5902290120
3444048472
3811022096
7453042876
1511017599
2466228533
2724139667
7453215984
7018013613
2309023448
7714061756
3917513457
7728008953
7811017424 
6732033809
274023088
7204152364
5403338271 
2225130700
7736182930
7706137673
7710103758
7724075162
2801031068
3666027794
7536010483
6905010888
1501003195
7728095113
5260037940
5003018904
7703122485
7704040281
7728434750
2901108405
2539008116
7724092464
7734581136
7724044189
7724010662
7734241612
5260101352
5047001270
5406234802
5902293805
6167063344
7802048200
2902015753
7024038542
5502018378
4346007656
7815025433
2462003962
7813045265
4025002173
7704014010
6143047417
5190053159
3447005798
2626003731
7329028362
3808049193
3812014683
4205012290
7704030124
7733012151
7724085040
7705004254
7718103686
7704084426
5406010760
5408100138
7801020890 
7019011979
7802067651
7813045787
7813047417
5039002859 
7709938054
7743085670
7806104840
4218006431
7729122063
7729117225
7718083969
7731082971
5032039680
2536014538
1655018018
7729082090
7801002274
9102028795
7802048578
5024000030
7704166630
7701114305
3906177250
7802065830
7733046721
